2 2 2 2 125 3 20 22 23 10 125 3 21 22 57 36 0
2 2 2 2 125 3 21 22 57 40 125 3 21 22 57 44 9
2 2 2 2 125 3 21 22 59 35 125 3 21 22 59 49 1
2 2 2 2 125 3 21 23 53 59 125 3 21 23 54 1 0
2 2 2 2 125 3 21 23 54 2 125 3 21 23 54 4 0
2 2 2 2 124 3 21 23 56 4 125 3 21 23 56 7 35
3 3 3 3 125 3 22 23 10 25 125 3 22 23 10 36 6
2 2 2 2 125 3 23 19 34 39 125 3 23 19 34 41 0
302023019053 计算机科学2401 李锐 男 125 3 29 22 21 46 125 3 29 22 21 48 0
2 2 2 2 125 3 29 22 32 25 125 3 29 22 32 27 0
2 2 2 2 125 4 6 20 57 3 125 4 6 20 57 13 5
